La=0.035; %H
J=0.03 %kg*m^2
R=4.6 %Om
k=1.52
